#
# Times slots for the recirculating pump
#
# 2023/11/08 18:37
#
@maxtemp 32
@timezone -8
#
# Morning
0700
0705
0710
0715
0720
0725
0730
0735
0740
0745
0750
0755
0800
0805
0810
0815
0820
0825
0830
0835
0840
0845
0850
0855
0900
0905
0910
0915
0920
0925
0930

# Noon
1145
1150
1155
1200
1205
1210
1215
1220
1225
1230
1235
1240
1245
1250
1255
1300
1305
1310
1315
1320
1325
1330
1335
1340
1345
1350

# Evening
1810
1815
1820
1825
1830
1835
1840
1845
1850
1855
1900
1905
1910
1915
1920
1925
1930
1935
1940
1945
1950
1955
2000
2005
2010
2015
2020

# Before bed time
2150
2155
2200
2205
2210
2215
2220
2225
2230
2235
2240
2245
2250
